0.7692307692307693
0.717948717948718
0.7564102564102564
0.7307692307692307
0.6923076923076923
0.7692307692307693
0.7307692307692307
0.782051282051282
0.7307692307692307
0.7564102564102564
0.6923076923076923
0.7435897435897436
0.7564102564102564
0.7564102564102564
0.7435897435897436
0.7307692307692307
0.7307692307692307
0.717948717948718
0.7435897435897436
0.782051282051282
0.7692307692307693
0.7307692307692307
0.7051282051282052
0.7564102564102564
0.7564102564102564
0.7564102564102564
0.7564102564102564
0.7564102564102564
0.7564102564102564
0.782051282051282
0.7564102564102564
0.782051282051282
0.7435897435897436
0.7435897435897436
0.717948717948718
0.7307692307692307
0.7564102564102564
0.7435897435897436
0.7692307692307693
0.7564102564102564
0.782051282051282
0.7435897435897436
0.7564102564102564
0.7051282051282052
0.7307692307692307
0.7564102564102564
0.7564102564102564
0.7435897435897436
0.7564102564102564
0.7692307692307693
0.7307692307692307
0.7435897435897436
0.7948717948717948
0.782051282051282
0.7692307692307693
0.7435897435897436
0.782051282051282
0.7435897435897436
0.7692307692307693
0.7564102564102564
0.7435897435897436
0.7435897435897436
0.7307692307692307
0.7307692307692307
0.7564102564102564
0.7564102564102564
0.717948717948718
0.782051282051282
0.7692307692307693
0.7435897435897436
0.6923076923076923
0.7564102564102564
0.7051282051282052
0.7564102564102564
0.7435897435897436
0.782051282051282
0.7692307692307693
0.717948717948718
0.7564102564102564
0.7564102564102564
0.7435897435897436
0.7307692307692307
0.7435897435897436
0.7435897435897436
0.782051282051282
0.7564102564102564
0.7692307692307693
0.7564102564102564
0.7307692307692307
0.7051282051282052
0.7564102564102564
0.717948717948718
0.7564102564102564
0.7435897435897436
0.7307692307692307
0.7692307692307693
0.717948717948718
0.7564102564102564
0.717948717948718
0.7307692307692307
0.7435897435897436
0.7564102564102564
0.7948717948717948
0.7564102564102564
0.717948717948718
0.7564102564102564
0.717948717948718
0.7564102564102564
0.717948717948718
0.6923076923076923
0.7564102564102564
0.7692307692307693
0.7692307692307693
0.7564102564102564
0.7564102564102564
0.7564102564102564
0.7435897435897436
0.7564102564102564
0.7692307692307693
0.7564102564102564
0.7051282051282052
0.7435897435897436
0.7435897435897436
0.7435897435897436
0.7435897435897436
0.7051282051282052
0.717948717948718
0.7435897435897436
0.717948717948718
0.7435897435897436
0.7307692307692307
0.7435897435897436
0.7435897435897436
0.7435897435897436
0.6923076923076923
0.7435897435897436
0.7564102564102564
0.7435897435897436
0.782051282051282
0.7692307692307693
0.7307692307692307
0.7564102564102564
0.6923076923076923
0.7692307692307693
0.7307692307692307
0.7564102564102564
0.7435897435897436
0.7564102564102564
0.6794871794871795
0.7435897435897436
0.7435897435897436
0.782051282051282
0.7692307692307693
0.7307692307692307
0.7564102564102564
0.7051282051282052
0.7435897435897436
0.7307692307692307
0.7307692307692307
0.7564102564102564
0.7435897435897436
0.717948717948718
0.7307692307692307
0.7564102564102564
0.7564102564102564
0.7564102564102564
0.7564102564102564
0.7435897435897436
0.7564102564102564
0.717948717948718
0.7435897435897436
0.7435897435897436
0.7564102564102564
0.717948717948718
0.7435897435897436
0.7307692307692307
0.7307692307692307
0.7307692307692307
0.7307692307692307
0.7435897435897436
0.7564102564102564
0.7307692307692307
0.7435897435897436
0.717948717948718
0.7564102564102564
0.7435897435897436
0.7307692307692307
0.717948717948718
0.7948717948717948
0.7307692307692307
0.7564102564102564
0.7051282051282052
0.7435897435897436
0.7307692307692307
0.7307692307692307
0.7435897435897436
0.7435897435897436
0.717948717948718
0.7564102564102564
0.782051282051282
0.7435897435897436
0.7564102564102564
0.7435897435897436
0.7307692307692307
0.7692307692307693
0.7307692307692307
0.7051282051282052
0.7692307692307693
0.7564102564102564
0.7307692307692307
0.7307692307692307
0.717948717948718
0.7692307692307693
0.7051282051282052
0.7692307692307693
0.717948717948718
0.7307692307692307
0.7564102564102564
0.7564102564102564
0.7564102564102564
0.7692307692307693
0.7307692307692307
0.7307692307692307
0.7307692307692307
0.7692307692307693
0.717948717948718
0.7692307692307693
0.7564102564102564
0.7307692307692307
0.7307692307692307
0.7307692307692307
0.7564102564102564
0.7564102564102564
0.7307692307692307
0.7435897435897436
0.7564102564102564
0.7307692307692307
0.717948717948718
0.7435897435897436
0.7692307692307693
0.7307692307692307
0.7564102564102564
0.7307692307692307
0.7435897435897436
0.7692307692307693
0.7307692307692307
0.717948717948718
0.7307692307692307
0.7435897435897436
0.7307692307692307
0.7435897435897436
0.7692307692307693
0.7307692307692307
0.7307692307692307
0.6923076923076923
0.7051282051282052
0.7307692307692307
0.7692307692307693
0.717948717948718
0.7435897435897436
0.7435897435897436
0.7692307692307693
0.782051282051282
0.7435897435897436
0.7564102564102564
0.7564102564102564
0.7564102564102564
0.7435897435897436
0.7051282051282052
0.782051282051282
0.7564102564102564
0.7564102564102564
0.7692307692307693
0.7051282051282052
0.7692307692307693
0.7564102564102564
0.7564102564102564
0.782051282051282
0.7564102564102564
0.717948717948718
0.7564102564102564
0.7564102564102564
0.782051282051282
0.7307692307692307
0.782051282051282
0.7307692307692307
0.782051282051282
0.7564102564102564
0.7435897435897436
0.7307692307692307
0.7051282051282052
0.7051282051282052
0.7051282051282052
0.7435897435897436
0.7307692307692307
0.717948717948718
0.7435897435897436
0.7564102564102564
0.7435897435897436
0.7307692307692307
0.782051282051282
0.7307692307692307
0.7307692307692307
0.717948717948718
0.7692307692307693
0.7307692307692307
0.7435897435897436
0.7307692307692307
0.7692307692307693
0.7564102564102564
0.7564102564102564
0.7051282051282052
0.717948717948718
0.7948717948717948
0.7564102564102564
0.6923076923076923
0.7692307692307693
0.7564102564102564
0.7692307692307693
0.7435897435897436
0.7307692307692307
0.7692307692307693
0.7307692307692307
0.7692307692307693
0.782051282051282
0.7564102564102564
0.717948717948718
0.7435897435897436
0.782051282051282
0.7692307692307693
0.7435897435897436
0.7948717948717948
0.782051282051282
0.7051282051282052
0.7692307692307693
0.7564102564102564
0.7435897435897436
0.6923076923076923
0.7948717948717948
0.7564102564102564
0.7564102564102564
0.7692307692307693
0.7435897435897436
0.717948717948718
0.7435897435897436
0.7564102564102564
0.7435897435897436
0.7435897435897436
0.7692307692307693
0.7307692307692307
0.782051282051282
0.7564102564102564
0.7435897435897436
0.7435897435897436
0.7307692307692307
0.8076923076923077
0.7564102564102564
0.7307692307692307
0.7948717948717948
0.7692307692307693
0.7564102564102564
0.7307692307692307
0.7307692307692307
0.7564102564102564
0.7435897435897436
0.7692307692307693
0.717948717948718
0.7692307692307693
0.7564102564102564
0.7564102564102564
0.717948717948718
0.717948717948718
0.7564102564102564
0.7051282051282052
0.7435897435897436
0.7051282051282052
0.7948717948717948
0.7435897435897436
0.7692307692307693
0.7307692307692307
0.7692307692307693
0.717948717948718
0.7307692307692307
0.7307692307692307
0.7307692307692307
0.7435897435897436
0.7307692307692307
0.7051282051282052
0.7307692307692307
0.7435897435897436
0.7435897435897436
0.7564102564102564
0.7435897435897436
0.7307692307692307
0.7307692307692307
0.7435897435897436
0.717948717948718
0.7564102564102564
0.7051282051282052
0.7692307692307693
0.7435897435897436
0.7051282051282052
0.7564102564102564
0.7692307692307693
0.7051282051282052
0.717948717948718
0.7692307692307693
0.7564102564102564
0.717948717948718
0.7435897435897436
0.7564102564102564
0.7435897435897436
0.7692307692307693
0.7435897435897436
0.7564102564102564
0.717948717948718
0.7692307692307693
0.7307692307692307
0.7435897435897436
0.7692307692307693
0.7692307692307693
0.7307692307692307
0.7435897435897436
0.7435897435897436
0.7307692307692307
0.7948717948717948
0.782051282051282
0.7307692307692307
0.7435897435897436
0.7564102564102564
0.7435897435897436
0.782051282051282
0.7692307692307693
0.7564102564102564
0.7307692307692307
0.7435897435897436
0.7307692307692307
0.7564102564102564
0.7564102564102564
0.7435897435897436
0.717948717948718
0.717948717948718
0.7307692307692307
0.7564102564102564
0.7307692307692307
0.717948717948718
0.7692307692307693
0.7564102564102564
0.782051282051282
0.7307692307692307
0.7435897435897436
0.7564102564102564
0.717948717948718
0.7564102564102564
0.7435897435897436
0.7564102564102564
0.7435897435897436
0.782051282051282
0.7307692307692307
0.7051282051282052
0.7564102564102564
0.7307692307692307
0.7564102564102564
0.7435897435897436
0.7564102564102564
0.717948717948718
0.7307692307692307
0.7564102564102564
0.7564102564102564
0.7564102564102564
0.6923076923076923
0.7948717948717948
0.7564102564102564
0.7307692307692307
0.7564102564102564
0.717948717948718
0.7307692307692307
0.7051282051282052
0.782051282051282
0.717948717948718
0.7564102564102564
0.7564102564102564
0.7435897435897436
0.7564102564102564
0.7307692307692307
0.7435897435897436
0.7435897435897436
0.7435897435897436
0.7307692307692307
0.7948717948717948
0.7692307692307693
0.7692307692307693
0.7692307692307693
0.7435897435897436
0.7564102564102564
0.7564102564102564
0.7692307692307693
0.7307692307692307
0.7307692307692307
0.8076923076923077
